20	100	20	6	20
0	256	64	119	384	0.9	15
33	3	1
13	5	3
12	6	3
11	1	6
10	2	1
9	2	3
8	7	3
7	7	7
6	7	1
5	5	8
4	7	4
3	6	8
2	2	6
1	8	4
0	3	5
1	512	64	193	450	1	12
27	5	3
24	2	5
23	8	7
22	3	4
21	1	7
20	8	5
19	8	8
18	3	4
17	8	4
16	6	6
15	3	8
14	5	2
2	64	512	127	397	0.6	21
50	1	8
48	1	3
45	8	8
44	1	6
43	2	7
42	1	4
41	2	1
40	4	7
39	3	3
38	1	3
37	3	6
36	3	3
35	5	4
34	1	3
32	2	5
31	4	6
30	1	3
29	7	7
28	5	3
26	7	7
25	1	8
3	64	512	114	309	0.9	14
64	3	7
60	4	4
59	5	6
58	2	4
57	4	3
56	1	5
55	2	2
54	4	8
53	5	5
52	8	5
51	6	7
49	6	7
47	8	5
46	5	1
4	64	64	109	342	0.8	13
74	6	5
73	8	1
72	4	6
71	3	2
70	7	5
69	1	5
68	1	3
67	2	4
66	6	4
65	5	6
63	8	2
62	4	5
61	8	3
5	512	512	135	376	0.9	25
99	8	8
98	3	5
97	8	5
96	8	6
95	5	6
94	2	5
93	8	6
92	3	7
91	5	7
90	6	8
89	7	6
88	2	6
87	7	8
86	3	1
85	3	7
84	3	8
83	5	5
82	3	5
81	2	6
80	6	3
79	4	4
78	8	3
77	3	6
76	6	8
75	4	6
6	512	128	155	470	0.8	0
7	64	64	158	361	0.7	0
8	256	256	177	493	0.8	0
9	128	512	162	407	0.6	0
10	64	64	228	477	1	0
11	256	512	136	359	0.9	0
12	64	256	179	382	0.5	0
13	256	512	148	362	0.5	0
14	64	128	174	364	0.5	0
15	128	64	192	482	0.6	0
16	64	128	151	473	0.8	0
17	256	256	163	482	1	0
18	128	256	235	480	0.7	0
19	512	64	107	317	1	0
3	9	11
100	6	6
101	5	7
102	8	8
103	4	5
104	2	4
105	4	1
106	8	6
107	1	3
108	3	6
2	38
4	68
2	41
5	79
4	67
5	95
4	62
3	52
3	55
5	76
5	84
6	3	17
109	6	2
110	1	8
111	2	4
2	38
1	17
0	1
2	38
1	14
3	46
2	44
0	0
3	59
0	13
0	33
5	82
4	62
4	67
0	3
0	6
5	88
7	14	6
112	4	4
113	4	2
114	7	6
115	7	6
116	7	7
117	8	1
118	8	4
119	5	4
120	5	2
121	6	4
122	2	4
123	7	6
124	7	6
125	2	2
4	73
5	87
3	55
1	17
3	54
0	9
13	4	16
126	5	7
127	2	3
128	2	6
129	8	8
5	77
4	65
1	22
0	8
4	74
4	68
3	59
1	15
1	19
0	0
3	49
1	20
5	80
4	62
3	47
3	53
15	6	14
130	8	5
131	5	3
132	5	2
133	4	7
134	4	7
135	8	7
3	51
4	70
4	72
0	8
5	91
0	0
2	28
5	96
5	95
3	49
4	74
1	17
0	2
3	49
